#224364474
1708869
53290631
69275868
84483675
97422284
102624170
113659633
123773201
132716869
143661083
146473100
151419127
159914093
161784606
178152375
185049502
190870115
192754061
194639220
196493464
209834587
212487510
220108484
235736209
249150031
255007585
257197049
263994675
270045448
270534135
270548207
274856789
280935154
299313355
301302687
320446239
364303155
366375179
372081250
381183259
382147359
394480290
405292451
444444500
479598427
487734587
523908268
562700396
594268054
618589414
787952447
#256804252
1170279
3368802
3689806
4143575
4521547
7052716
9090342
9311289
11582761
13798190
16362092
17687284
17796402
18546437
20341211
21564611
24103320
26598669
28551082
38119367
41808852
42411937
44051595
44272973
50168637
50586761
56668124
56775508
57300449
59181636
59604659
59693253
61124962
62191366
63964578
65306042
65825953
65847488
73165059
74046001
75331465
75349612
78107789
78900322
81033736
82159245
82768489
83117337
83414880
84808902
84981721
85574000
86968944
90073913
91263386
93442841
94649851
94736246
95492796
95633793
95727558
100620709
100797215
102773862
103906924
106528731
107982827
109558912
113487216
113918975
115957213
118223664
118965632
120708598
123127662
124217451
125249138
125489668
127943547
131546482
131675562
133278008
133497222
134667483
135069291
135333120
135546956
136646088
137464128
137797985
138025609
138041162
138235107
139114619
139162912
139209466
139224976
139490163
139987091
140915304
141485731
141739320
142813829
143204199
143283281
143299193
143562652
143973652
144394831
144949046
145087850
146553153
146587068
146909652
148414033
150269203
150467213
150563346
151334794
151358936
152651050
152932578
153589763
153612895
154288520
154845133
155612362
155669217
155799915
157444753
157647378
158166141
158247193
158563521
158765692
159587261
159813255
159819488
160095416
160932312
161991007
163618666
163731580
163777237
163951324
164510473
165573260
166144485
166295277
166677431
166879589
167717353
167800486
167862935
167936426
169052746
170024986
171256217
171356578
171888881
172502451
172664219
173363911
173428086
173908023
174143633
174533008
175214722
175256927
176161167
176872164
177302539
177718216
177786470
177853804
178526856
178861021
178982537
178990482
179188410
180035055
180061063
180818492
180904748
181107091
181241504
181474464
181510469
181903019
181953402
182278035
182485050
182706654
183469156
184112287
184676553
184756062
184833446
185234430
185792216
187389875
187718889
188316987
188494707
188715727
190180418
190839527
190893641
190937856
191162030
191883410
192395494
192401078
193387100
194878816
195007887
195142799
195275827
195911260
197462137
197849336
198177348
198361434
199128916
199398482
200870907
203284962
204721982
204759861
205335343
205373016
205449705
205863192
207921154
208525710
209309062
209834587
209983410
210846709
211203515
211544653
212239198
214312931
215751700
216460808
217002509
218111072
218111654
220170453
220227453
220556332
220970447
221453664
222346923
222364805
222604147
222733057
223364702
223735712
224145761
224245713
225501174
225695290
227029294
227681104
228100048
229237953
229996581
232055993
232723696
235336408
235717671
236316023
236509653
237139384
238061130
238066984
238309574
238444902
239595828
240302302
241115382
241970357
242527826
243273774
243955509
244338693
244752161
245126301
245670326
245897088
246036313
246598691
246668016
246706765
247176641
247287243
247636154
248183407
248764328
248888569
249460254
250893453
250909329
251390636
251933953
251938280
252757781
253039418
253479305
253516861
254249461
254601505
254652337
254687528
255557149
256290943
256923028
257065676
257943656
258124256
258348221
259293717
259663512
259987879
261122545
261294979
262205321
262273857
263388009
263790158
264468673
265287910
266789851
266923430
268344454
270095832
270464351
270602256
273527253
274009067
274076232
277931677
279345481
279816978
279962718
280753182
283470857
284216137
286323399
287365362
290090811
290270738
290701153
292112678
292941319
293346932
294313398
296098157
297404240
301877845
302041370
303998201
304337897
304609994
305664173
307929104
311166727
311761925
314920752
315885266
318239111
318943759
319386109
321383745
322061734
322475964
324970482
325156271
325894845
326421621
326587515
326869471
327011340
327657095
328931295
331240793
331701930
332184925
332858724
334984698
336529767
337421766
338557421
338734070
339134488
339439775
339488025
340513914
341296684
341309958
341793127
341845186
342055941
344468365
344930081
346062175
346573353
349340635
352458997
353495319
354355589
354854294
356169969
357004461
360477682
361129456
361953656
362170012
362496982
362734491
364027148
364661002
365817804
366966389
367371835
368976307
369657593
370376509
370719225
372418711
374449686
374895153
375792174
379792165
381385676
383375175
384110719
385116323
386044067
386076989
387583015
388067987
388641494
389171906
390066347
391703760
392129752
394339856
402972774
403686653
404333595
404711566
405544676
407746114
409580474
412145542
414044946
416618725
421607442
422397933
422798055
424095046
425182635
436880054
437531400
438581097
439052647
441736661
443786436
443961783
444270227
445123641
446251931
447263423
449675788
449702247
454383842
456494191
456661969
456684937
460348786
461031925
461382448
463414853
465285689
466774670
471230351
471633704
474215026
478565864
482548556
483816935
491532494
491819332
494061969
500968824
502073474
505416733
505819685
508142120
508540339
513476214
519007108
521035912
522306682
523310807
525610503
526412289
539414915
542462456
545868682
546690561
549420909
553827982
554201148
554629901
555211080
557656481
559265661
559865830
560100587
560101521
560170062
562723671
563848365
565089480
566399395
574068734
580339410
583421935
588050261
595653098
603617838
611778694
611934639
618203981
620705707
625800447
631715515
646009383
652065783
667083757
700069485
701118879
702113573
719556222
734875867
743195341
743292377
749126919
754815253
765576775
768648236
774168919
781367271
793788954
820433835
820872217
#212487510
147709
504460
611083
799380
827149
1050678
1438983
1485151
1724435
2232985
2543339
3503429
3701180
4699138
4745372
6125683
7949807
9537412
10711430
11429093
12130636
12713850
14919134
18878119
21578129
22238648
23245601
24719073
25891559
27623548
30599380
31148329
33821674
35947527
38539472
39577684
40805844
45043410
47650930
48069606
51083562
51220404
52451724
54705450
54837124
54854546
57098711
58827082
65525918
65837908
66531098
66969585
66982780
68228192
68481689
69110189
70546727
71977501
72884145
72891198
72937811
76328508
76373668
76548983
79375588
83291498
83770363
83836993
84483675
86802650
90778320
93259801
93739157
95388832
97482872
97671313
98439982
98937723
99138057
100591371
102450680
102500241
102624170
103371143
107125768
108880460
113659633
114114693
114750766
115057111
118710950
119008188
120038146
122319016
124909546
126452991
126587494
126619941
128946116
130543413
131571679
132716869
133546476
134092129
134831062
135006918
136506005
137887247
138125009
138524541
139818303
142388551
143023717
143620622
143661083
143692685
143902891
144773521
145197359
145508966
145510594
145590245
146075397
146526485
146591708
147070358
147121365
147249480
147526040
147852622
149092957
150588597
150726478
151045692
152646496
152789900
152952036
153420674
154641434
155235908
155397466
156249206
156854289
157547853
158452527
161856896
161873888
162225997
162343201
162958940
163978756
164158044
165033213
165987121
166627321
166631281
167219264
168212112
169550436
169735956
170104335
170586001
171081100
171168977
171992213
172209675
173048369
173727553
174193102
175184539
175526761
175719571
177375764
178114948
178576616
179140659
179289431
180191039
181632781
181792646
181899350
182011047
184267947
184613121
184802350
185907583
186402178
186544162
187234486
187899397
187902778
188892163
189691585
190155100
190333585
191030208
191277174
191793836
192649162
193887357
194461417
194526692
194566473
195398410
195697729
196264662
196669651
196783194
197236645
199221412
199891666
200013648
202976001
203558994
203644357
203754580
204843445
204953496
205122448
205465031
205570516
207205573
207560519
208674588
209834587
210913802
211806617
212200213
212203031
212543793
212764499
212817671
214701397
215663174
216158671
218172124
218357660
219776781
219921709
219930506
222391424
223045392
223249119
223322927
223759040
224364474
224436254
224495292
224748485
225179459
225622538
225736458
225962919
227136935
228701702
229572332
232546539
234109886
234385886
234965912
235705640
235825285
236235563
236783753
237186209
237447101
238372087
240245998
241833036
244583695
244661955
245137993
245302630
248608293
249926239
250176893
253616034
255474155
256682267
257195332
257197049
261604184
261855362
263432760
266010607
266812015
267812815
268052165
270045448
271598673
272627984
273082413
273263057
273801538
274358269
274695541
276695760
282142570
282978311
284345027
285058923
285261819
285605977
285849640
291841762
293543015
295626033
300090022
300149497
300967245
301589451
304081097
304176637
305162297
306131706
306199883
307036103
307216270
307336910
309858661
311924607
316274871
317899967
319341619
319438359
320955694
324482750
327673707
328532331
332360332
334020176
338557706
338902856
339478301
341420115
342433080
350936282
351950137
354883452
364673231
366251169
371218636
373464052
375190909
380074655
381547365
381759819
381907905
383087847
387918157
389875219
390002346
390534684
397161436
401134036
401531971
402300348
408492029
409623784
412546039
415644346
418827951
435167275
440607441
442490895
444639273
447799654
461814307
474092200
479887783
490442223
496884635
501463776
504453742
506030789
508644412
509735793
511533482
523418365
523739735
540803533
544033053
549564622
551413463
553841503
560270778
627307575
647579963
789141341
#531619927
2794379
3186170
16728444
51321574
73052488
85173350
87394098
95387204
100429433
122090685
125373568
135524453
136728738
137128832
141581959
146553153
147866694
154138493
157120108
157919450
158066695
158166141
158616570
159704136
160096443
169971513
170026816
174933046
174946514
176878375
178093234
179627112
182055132
182489297
191933715
194848002
195033051
197786039
198589160
205107457
205115808
207041145
207306755
208694139
211188733
211562768
213960520
214370732
222051411
223815465
227221207
232184513
236656317
236912000
242047333
253188350
256103683
258360491
265622756
267285139
284687724
285610854
287822335
288308772
291512975
303546968
314514812
316246203
321158849
325514929
375012273
392988954
410896450
412799728
429581619
430270446
444347050
461211975
466020663
471776028
474082363
484628558
500567161
501466739
553841503
558628262
559606050
562523666
584125448
599260841
609166521
661412339
#194848002
16341662
41379947
55690949
75785096
90149684
98352503
100611447
132184502
136728738
137128832
143562774
152337507
157030988
163659497
168607409
170332204
176840544
179257163
179627112
179928629
188579272
188619184
191933715
199420612
204344115
204468246
209444860
211562768
212944271
215767596
217031388
218920011
219847821
221094253
223999334
224034675
225362902
228111680
231072300
232184513
237628807
237947262
238339371
242047333
242105787
243419467
246671404
246875230
249995296
254563422
263587736
267285139
267822134
268686039
269702650
278623992
280123015
283292495
285397374
286252402
287857416
293527647
294583328
299201363
303312564
304276793
306304767
325595595
328677158
332858957
351949524
356687049
367340316
371001231
381825644
383006631
383904844
392988954
402922315
405846355
435982647
482659958
501466739
506907687
509650579
509956645
531619927
559606050
560400767
590224795
703373655
#381907905
6575981
55677706
75785096
77407160
82242459
113011893
118187018
132716869
138417710
150718374
176357293
183072584
184649574
199891666
209834587
212487510
219158846
225479011
225962919
234771398
236783753
269479904
270045448
276246656
300967245
333549723
402300348
429876857
442490895
444639273
462075650
569072452
#308412461
58242762
68809946
87314777
93891693
95456794
123411122
133049960
138107050
178106568
188756223
205344293
209834587
215929449
218230523
222461301
224565313
236313790
243553935
245021707
246008822
257150831
272508222
274726072
279670745
283543717
285884588
306200668
321535165
327146206
367814813
385037888
404969475
406869817
474796608
480479612
486581518
504800054
541706257
553841503
562700396
#232210943
2592129
5204852
7395790
38969972
51647131
70122350
71880856
78840885
99446010
104004189
107080367
119080814
124949193
133822148
135230583
135683002
136618119
138041162
142620506
142735375
143190296
145448213
149087191
149196133
153658993
155382078
156037338
156311956
158587822
158972535
159176764
159587261
161132177
163135389
164159663
170499139
171256217
173306258
174050122
176691325
177023957
179776879
184703668
184756062
187978760
188495254
190082472
194878816
195522288
196104681
196527597
199069671
203710008
203723631
204399027
207617451
208108071
209834587
210208430
212533955
216527966
216854335
218247371
220614460
222359842
224816985
226502889
227681104
230447428
233059972
234540865
237701866
239363070
240213947
241691650
250901095
251938280
255314703
266040100
266861768
267006860
273777609
274062559
277809453
295595447
299849678
307621437
308625075
312867132
331701930
333516339
351927624
357302416
381915968
390781320
408942446
427257308
430325943
432255088
460388044
461993517
462950035
469038069
479274715
484681098
486704313
502471566
518530700
519438893
525027128
526412289
556003312
557867272
571408050
585861961
589727587
599773749
606455485
614376155
#112370537
#139939428
6573034
22620530
41681891
41736089
46616159
59821192
66655555
72258962
75285165
75803423
78667374
79049146
79147814
85037961
88714382
96730172
97276443
104387982
108204300
108850147
114317420
117977245
123562060
127644662
128540217
131495342
132021488
134313555
134792309
134900238
135416706
135780150
138022544
139508029
139540281
140384517
142215985
142686731
142840733
142904514
143828036
144574617
148048722
148163832
148170042
150548419
154501246
157362346
158215887
161723243
162159770
164329579
167287159
167749583
168389288
171253015
171301158
175935434
178516445
182134916
183517753
186537494
187267231
193043483
194499929
196916187
200989073
201870265
206462054
207643102
209834587
213123820
220126295
221444439
229415036
229699123
232180409
237390671
238125021
241817920
247041357
250331974
254831724
258925218
267652970
270251699
273251895
273508046
275485830
276581495
278085642
280519417
285967038
291865749
293032402
297272617
304378820
304485346
310048249
332750526
343962778
352238302
357698566
360803877
365734269
368449303
378087690
390379444
425382019
432901169
446261877
448518431
451914440
457242986
478454950
514984127
515067021
516081682
521910098
528420635
544030142
553841503
560669997
573212799
576590035
578544887
599739701
613361537
615466416
617893869
638232251
664089557
680919662
738893263
777953562
789483275
820773109
826104379
#54705450
2907518
6500400
23703136
25635507
28968767
33856658
39519441
51377986
52121607
53536660
54787205
55860665
57499533
61535284
62087708
67188787
70546727
72049730
74096000
76328508
77183166
77712521
84892077
97442947
97534519
108877676
111136783
113659633
120139337
121197752
121506807
124909546
128946116
131656803
131852593
136412745
139818303
141130157
141764913
145416028
146075397
146235636
146609058
146697287
146877480
147154209
147536980
148624619
151141074
152293740
152824782
153261721
153878842
154143466
154533225
154539933
157775100
160340327
161873888
161902813
164408274
165315515
166282823
167236489
168267919
170286172
170907369
180662897
185381615
185952078
186512757
194823123
196082104
196786098
197783551
199199765
199891666
205570516
205979507
208217863
209549192
212487510
212844354
213308152
214701397
216691345
220638235
223092111
225407101
227894708
228270264
229204168
232363476
235636198
236218000
236783753
236831570
237735787
240061669
241261239
248300894
249214270
250563941
250913764
252378489
255145905
256512195
263547986
263994675
265366298
266292646
272707611
273234766
278779561
279615435
282725162
282891792
288995321
292587908
293834577
295691357
300967245
310460130
311010927
311924607
323521388
327434761
332510610
335932479
337106675
342433080
342659364
348277085
351364301
361109204
368267404
371478677
375590837
377852391
384510656
385766579
390674774
393285679
399109150
401491391
408548150
412338088
415644346
415996244
428243858
429858685
431848501
437507267
438532924
441321565
442490895
452067796
455283610
461814307
465197850
473330341
477925189
495297154
506515424
508902338
510966333
514248464
520010491
549564622
553769484
554963862
608050789
619561446
706942590
738167721
752387220
#146075397
1438983
6032846
6096613
8509193
13566896
22208419
23703136
29223908
33520803
34769999
37511311
46560407
50626514
54705450
55037837
56762586
58900707
59301118
66594363
76328508
77159806
83937229
85036491
88558505
102624170
105878431
108140333
108462793
108850608
116597438
116753644
119228294
124909546
125662395
125966248
127942230
130479470
131951937
132716869
134325461
138417710
138877805
142198677
142537395
144804750
145572294
146697287
147106885
150190706
151045692
156800448
157312184
157478817
161873888
162225997
170981778
175061050
175076391
178729636
180093273
182011047
183921312
184267947
188623560
192237609
199891666
203644357
207477389
212403921
212487510
214701397
220297430
221172011
227542648
228701702
231364396
235517834
236783753
238372087
241833036
242021678
248138210
266789851
267597339
288865159
300967245
311924607
313964230
325288765
342433080
345997435
352082717
372825602
382378340
385673295
387918157
388057821
391698991
407373736
411647743
415644346
419482927
442490895
447759093
459279453
461814307
494195764
511341239
518120047
549564622
561140804
578130158
#383087847
3279602
14238557
25891559
52442974
70546727
75785096
76328508
100469129
106127484
111036233
124909546
128946116
130543413
135781331
146697287
155604593
162225997
163702268
181009989
181241525
185016828
189321142
192076993
198366540
199891666
209834587
212487510
214701397
231349879
236063000
236783753
242707568
242752210
253905008
257961531
264728334
270854486
277833851
300967245
307036103
308950753
342433080
383191921
394613194
398315040
408842779
444639273
448813072
461814307
496667884
499438357
515410789
523418365
540803533
647714950
713401182
#146697287
1647992
6021691
7139204
7651552
11227882
26600523
54705450
54854546
68925222
70169357
70546727
86721047
92089811
93374066
96296638
98450626
100469129
117778703
119228294
130543413
130851988
131938047
137176459
142509006
146075397
150499003
181163422
183918530
184267947
209834587
214701397
229301501
236783753
251452339
259809193
268256435
268482054
274504994
280398874
280593901
288804473
293961101
300967245
307036103
308612677
324332118
352812631
383087847
398315178
450153997
457217295
461814307
#315590903
10843741
19274573
29012018
31102462
42381884
50024248
53056374
54778209
60095932
63595221
70813202
74818572
76275105
76332814
79829019
80172046
84659693
85477502
98581563
98819732
99138057
101423294
102940529
103119093
105384065
105936659
107918394
107972640
110026023
115219619
117249714
123370471
124768984
124892199
124983957
132386717
132494487
133602454
135273440
138063704
139770567
142043331
142324248
142874448
144802522
145022292
145395854
145477624
145588222
145791549
145944003
146505227
146920700
148393661
149218047
150767581
151100752
151358936
152884693
153359434
154411277
155536312
156461036
158931475
159018622
159047694
159347969
159906759
162174291
162919295
164351482
164627321
165503867
166819114
166879589
168328743
168762403
169127091
170105644
172000075
174173018
177965738
178355522
179478475
181872089
181909227
182415293
182836983
184267947
186656438
187207758
187854153
188769955
188959578
189193490
190891239
192652390
194471178
194701830
195153544
196022740
196715507
197393197
197758517
197973008
198447924
200686143
203728759
204579018
204738925
205643224
208301122
208344893
208699374
208902377
209899987
210731029
210754075
211150627
212892346
213598268
214495700
215853694
217592927
219246367
220091640
220705943
221141773
221865520
222690466
222947101
223331673
223863496
223947817
224634582
225586718
226176556
226925761
227795379
228160667
228637145
229528018
231416869
231897779
231938827
232166627
233417584
234291150
236570119
237396642
238446721
238844793
238953441
239089306
242955901
244185936
244338693
245663694
246167290
246412870
246517121
247548273
249611878
249973007
251006691
251022142
252174354
253166865
253914134
256142127
256142376
256945170
257255949
257383414
258916571
259212844
260248080
262367325
265528656
268411157
268815963
269159590
271667157
271785588
275109179
275839615
276590859
279767009
280126316
280524020
284400754
289349185
294088555
298232198
300398399
300967245
303364101
305220022
308988516
309043411
312162211
315031302
315561137
316086469
317839629
318399580
319156718
319473636
319825205
328909539
329304353
329312987
332223437
333280782
334236224
334459577
334479890
336144632
343203509
349039812
349448401
350330748
350377919
352678051
357126360
357383070
359070278
359288922
360441762
363107203
375144977
377198545
380074655
380563953
381468900
384594515
386087563
386431455
391444561
393034449
393356700
398462669
404736140
409321676
414924439
417711003
420541004
421811181
422696003
430578175
444639273
446085340
450408482
456756505
464509252
467526643
470609584
475818253
480508484
485469503
488380513
489593010
496531147
499296802
502338293
504124805
506207698
514306582
514484400
535786811
543453464
543694824
546677259
548418338
570041901
612717180
637455590
648868543
671087297
679553577
736453983
#461814307
#143661083
313669
2551076
2759754
3175537
5009280
11429093
22781467
23245601
26255066
27848278
29175137
31148329
33125060
45043410
47650930
47789897
50168637
51220404
52585619
55605069
62615075
66195850
68228192
72884145
78664526
79375588
83291498
84483675
86864645
90730323
93739157
96027921
97361587
101328856
102500241
102624170
106680646
108579411
113659633
119080814
121340332
123773201
124983957
126048584
129307469
132716869
133713312
134831062
139404614
143692685
143902891
145288393
145585716
145632920
147121365
147389100
147751992
153516692
155938320
156663447
157478817
161784606
166395377
166447618
167131386
168615914
168616458
169110426
172998085
173778580
174267135
176729124
177718015
178152375
179118998
180191039
180578269
181632781
184613121
185736131
188892163
193468887
194639220
196493464
196669651
198364314
200907542
205052285
206575078
207418924
212484616
212487510
217764842
217886069
218207992
218403495
224198901
224364474
227656969
228701702
230653895
236749485
244661955
246484858
257007745
257195332
257197049
257297325
263994675
267812815
268569713
270045448
270473836
285058923
295903447
296197411
300823372
303347219
319341619
319676537
320955694
332238940
338557706
349501127
351950137
374828136
376243638
378110194
387153013
395251504
403819498
416715628
433887602
440607441
476508707
479887783
485906321
494188910
511533482
551413463
562700396
731951568
787889623
#163067034
22578615
25306912
27628128
51321574
56520360
58813567
73463419
86192903
88636303
98150113
98352503
102269315
102630835
104522695
104957337
104987715
125392070
133329982
136746933
138297053
142160245
143541537
151394864
152604291
157929614
160333098
162467641
164815229
175290161
179440382
185362653
189448361
189771249
193148481
200372810
210299908
224381754
227205596
228620383
243305588
250801467
258101514
259894174
265011645
265091990
275565111
298603462
316188826
328015668
329546120
329595436
344618113
346407649
347536254
366825932
367506680
391687224
428935993
475161046
638194925
